7896553664829
7896553664829
7896553664829
7896553664829
7896553664829
7896553664829
7896553664829
7896553664829
7896553664829
7896553664829
7896553664829
7896553664829
7890291439510
7890291439510
7890291439510
7890291439510
7890291439510
7890291439510
7890291439510
7890291439510
7890291439510
7890291439510
7890291439510
7890291439510
7890291439510
7890291439510
7890291439510
7890291439510
7890291439510
7890291439510
7890291439510
7890291439510
7890291439510
7890291439510
7890291439510
7890291439510
7896553640014
7896553640014
7896553640014
7896553640014
7890291134514
7890291134514
7890291134514
7890291134514
7890291134514
7890291321945
7890291321945
7890291321945
7890291321945
7890291321945
7890291321945
7890291321945
7890291321945
7890291321945
7890291321945
7890291321945
7890291321945
7890291321945
7890291321945
7890291321945
7890291321945
7890291321945
7890291321945
7890291321945
7890291321945
7890291321945
7890291321945
7890291321945
7890291321945
7890291321945
7890291321945
7890291321945
7890291321945
7890291321945
7890291321945
7890291321945
7890291321945
7890291321945
7896553665222
7896553665222
7896553665222
7896553665222
7896553665222
7896553665222
7896553665222
7896553665222
7896553665222
7890291134514
7890291134514
7890291134514
7890291134514
7890291134514
7890291134514
7890291134514
7890291277754
7890291277754
7890291277754
7890291277754
7890291366533
7890291366533
7890291366533
7890291174404
7890291174404
7890291251143
7890291251143
7890291251143
7890291251143
7890291251143
7890291251143
7890291141055
7890291141055
7890291141055
7896553649772
7896553649772
7896553649772
7896553640014
7896553640014
7896553640014
7896553640014
7890291370899
7890291370899
7890291370899
7890291370899
7890291370899
7890291370899
7890291207089
7890291207089
7890291207089
7890291207089
7896553686425
7896553686425
7896553686425
7890291251143
7890291251143
7890291251143
7890291251143
7890291251143
7896553633627
7896553633627
7896553633627
000032988598
000032988598
7896553659481
7896553659481
7896553659481
7896553659481
7896553659481
7896553659481
7896553659481
7890291483681
7890291483681
7890291483681
7890291483681
7890291483681
7890291483681
7890291483681
7890291483681
7890291483681
7890291483681
7890291483681
7890291483681
7890291483681
7890291134514
7890291134514
7890291134514
7890291134514
7890291134514
7890291134514
7890291134514
7896553643831
7896553643831
7896553643831
7896553643831
7896553643831
7896553643831
7896553643831
7896553643831